#IDA
#TYPE Area Source Inventory
#COUNTRY CHINA
#YEAR 2000
#DESC Hong Kong, Macau, Intl Water,PRD, GDong
#DATA CO NOX SO2 PM10 PM2_5 VOC NH3
 1  12201001000   405.099    0.0000     0.0000   0.00  0  0.00   149.921    0.0000     0.0000   0.00  0  0.00     1.234    0.0000     0.0000   0.00  0  0.00     1.109    0.0000     0.0000   0.00  0  0.00     0.006    0.0000     0.0000   0.00  0  0.00   209.439    0.0000     0.0000   0.00  0  0.00     0.633    0.0000     0.0000   0.00  0  0.00
 1  12201080000   276.680    0.0000     0.0000   0.00  0  0.00    12.126    0.0000     0.0000   0.00  0  0.00     0.032    0.0000     0.0000   0.00  0  0.00     0.001    0.0000     0.0000   0.00  0  0.00     0.006    0.0000     0.0000   0.00  0  0.00    37.479    0.0000     0.0000   0.00  0  0.00     0.063    0.0000     0.0000   0.00  0  0.00
 1  12230001000    69.449    0.0000     0.0000   0.00  0  0.00   108.029    0.0000     0.0000   0.00  0  0.00     0.914    0.0000     0.0000   0.00  0  0.00    44.094    0.0000     0.0000   0.00  0  0.00    30.867    0.0000     0.0000   0.00  0  0.00    50.714    0.0000     0.0000   0.00  0  0.00     0.203    0.0000     0.0000   0.00  0  0.00
 1  12230060331     2.241    0.0000     0.0000   0.00  0  0.00     9.921    0.0000     0.0000   0.00  0  0.00     0.088    0.0000     0.0000   0.00  0  0.00     3.307    0.0000     0.0000   0.00  0  0.00     2.205    0.0000     0.0000   0.00  0  0.00     2.205    0.0000     0.0000   0.00  0  0.00     0.011    0.0000     0.0000   0.00  0  0.00
 1  12230060332     8.166    0.0000     0.0000   0.00  0  0.00    27.558    0.0000     0.0000   0.00  0  0.00     0.205    0.0000     0.0000   0.00  0  0.00    20.945    0.0000     0.0000   0.00  0  0.00    14.331    0.0000     0.0000   0.00  0  0.00     8.823    0.0000     0.0000   0.00  0  0.00     0.068    0.0000     0.0000   0.00  0  0.00
 1  12230060333   185.742    0.0000     0.0000   0.00  0  0.00   235.911    0.0000     0.0000   0.00  0  0.00     0.632    0.0000     0.0000   0.00  0  0.00    36.378    0.0000     0.0000   0.00  0  0.00    25.355    0.0000     0.0000   0.00  0  0.00    44.094    0.0000     0.0000   0.00  0  0.00     0.165    0.0000     0.0000   0.00  0  0.00
 1  12230070331   267.863    0.0000     0.0000   0.00  0  0.00   439.823    0.0000     0.0000   0.00  0  0.00     0.279    0.0000     0.0000   0.00  0  0.00    39.684    0.0000     0.0000   0.00  0  0.00    27.564    0.0000     0.0000   0.00  0  0.00    42.996    0.0000     0.0000   0.00  0  0.00     0.065    0.0000     0.0000   0.00  0  0.00
 1  12230070332    56.221    0.0000     0.0000   0.00  0  0.00   136.687    0.0000     0.0000   0.00  0  0.00     0.267    0.0000     0.0000   0.00  0  0.00    13.228    0.0000     0.0000   0.00  0  0.00     8.819    0.0000     0.0000   0.00  0  0.00    14.335    0.0000     0.0000   0.00  0  0.00     0.008    0.0000     0.0000   0.00  0  0.00
 1  12230070333     2.208    0.0000     0.0000   0.00  0  0.00     5.512    0.0000     0.0000   0.00  0  0.00     0.027    0.0000     0.0000   0.00  0  0.00     0.000    0.0000     0.0000   0.00  0  0.00     0.000    0.0000     0.0000   0.00  0  0.00     0.001    0.0000     0.0000   0.00  0  0.00     0.001    0.0000     0.0000   0.00  0  0.00
 1  12230070334    57.321    0.0000     0.0000   0.00  0  0.00   144.403    0.0000     0.0000   0.00  0  0.00     0.488    0.0000     0.0000   0.00  0  0.00     8.819    0.0000     0.0000   0.00  0  0.00     6.614    0.0000     0.0000   0.00  0  0.00     6.712    0.0000     0.0000   0.00  0  0.00     0.054    0.0000     0.0000   0.00  0  0.00
 1  22201001000   288.260    0.0000     0.0000   0.00  0  0.00   106.929    0.0000     0.0000   0.00  0  0.00     0.878    0.0000     0.0000   0.00  0  0.00     0.005    0.0000     0.0000   0.00  0  0.00     0.045    0.0000     0.0000   0.00  0  0.00   148.819    0.0000     0.0000   0.00  0  0.00     0.450    0.0000     0.0000   0.00  0  0.00
 1  22201080000   196.796    0.0000     0.0000   0.00  0  0.00     8.819    0.0000     0.0000   0.00  0  0.00     0.022    0.0000     0.0000   0.00  0  0.00     0.000    0.0000     0.0000   0.00  0  0.00     0.005    0.0000     0.0000   0.00  0  0.00    26.456    0.0000     0.0000   0.00  0  0.00     0.045    0.0000     0.0000   0.00  0  0.00
 1  22230001000    63.383    0.0000     0.0000   0.00  0  0.00    99.210    0.0000     0.0000   0.00  0  0.00     0.836    0.0000     0.0000   0.00  0  0.00    39.685    0.0000     0.0000   0.00  0  0.00    27.560    0.0000     0.0000   0.00  0  0.00    46.303    0.0000     0.0000   0.00  0  0.00     0.186    0.0000     0.0000   0.00  0  0.00
 1  22230060331     1.105    0.0000     0.0000   0.00  0  0.00     5.512    0.0000     0.0000   0.00  0  0.00     0.052    0.0000     0.0000   0.00  0  0.00     2.205    0.0000     0.0000   0.00  0  0.00     1.102    0.0000     0.0000   0.00  0  0.00     1.103    0.0000     0.0000   0.00  0  0.00     0.012    0.0000     0.0000   0.00  0  0.00
 1  22230060332     6.068    0.0000     0.0000   0.00  0  0.00    22.047    0.0000     0.0000   0.00  0  0.00     0.166    0.0000     0.0000   0.00  0  0.00    16.540    0.0000     0.0000   0.00  0  0.00    11.024    0.0000     0.0000   0.00  0  0.00     6.617    0.0000     0.0000   0.00  0  0.00     0.055    0.0000     0.0000   0.00  0  0.00
 1  22230060333    82.124    0.0000     0.0000   0.00  0  0.00   103.625    0.0000     0.0000   0.00  0  0.00     0.280    0.0000     0.0000   0.00  0  0.00    15.433    0.0000     0.0000   0.00  0  0.00    11.024    0.0000     0.0000   0.00  0  0.00    18.745    0.0000     0.0000   0.00  0  0.00     0.073    0.0000     0.0000   0.00  0  0.00
 1  22230070331   103.069    0.0000     0.0000   0.00  0  0.00   168.654    0.0000     0.0000   0.00  0  0.00     0.107    0.0000     0.0000   0.00  0  0.00    15.433    0.0000     0.0000   0.00  0  0.00     9.921    0.0000     0.0000   0.00  0  0.00    16.537    0.0000     0.0000   0.00  0  0.00     0.025    0.0000     0.0000   0.00  0  0.00
 1  22230070332    33.071    0.0000     0.0000   0.00  0  0.00    80.469    0.0000     0.0000   0.00  0  0.00     0.157    0.0000     0.0000   0.00  0  0.00     7.716    0.0000     0.0000   0.00  0  0.00     5.512    0.0000     0.0000   0.00  0  0.00     8.850    0.0000     0.0000   0.00  0  0.00     0.008    0.0000     0.0000   0.00  0  0.00
 1  22230070333     1.669    0.0000     0.0000   0.00  0  0.00     4.409    0.0000     0.0000   0.00  0  0.00     0.022    0.0000     0.0000   0.00  0  0.00     0.000    0.0000     0.0000   0.00  0  0.00     0.000    0.0000     0.0000   0.00  0  0.00     0.000    0.0000     0.0000   0.00  0  0.00     0.001    0.0000     0.0000   0.00  0  0.00
 1  22230070334    46.849    0.0000     0.0000   0.00  0  0.00   117.948    0.0000     0.0000   0.00  0  0.00     0.399    0.0000     0.0000   0.00  0  0.00     7.717    0.0000     0.0000   0.00  0  0.00     5.512    0.0000     0.0000   0.00  0  0.00     4.417    0.0000     0.0000   0.00  0  0.00     0.044    0.0000     0.0000   0.00  0  0.00
 1  32201001000   370.416    0.0000     0.0000   0.00  0  0.00   136.692    0.0000     0.0000   0.00  0  0.00     1.129    0.0000     0.0000   0.00  0  0.00     1.108    0.0000     0.0000   0.00  0  0.00     0.006    0.0000     0.0000   0.00  0  0.00   191.803    0.0000     0.0000   0.00  0  0.00     0.579    0.0000     0.0000   0.00  0  0.00
 1  32201080000   252.983    0.0000     0.0000   0.00  0  0.00    11.024    0.0000     0.0000   0.00  0  0.00     0.029    0.0000     0.0000   0.00  0  0.00     0.006    0.0000     0.0000   0.00  0  0.00     0.001    0.0000     0.0000   0.00  0  0.00    34.172    0.0000     0.0000   0.00  0  0.00     0.058    0.0000     0.0000   0.00  0  0.00
 1  32230001000    72.204    0.0000     0.0000   0.00  0  0.00   112.438    0.0000     0.0000   0.00  0  0.00     0.953    0.0000     0.0000   0.00  0  0.00    45.197    0.0000     0.0000   0.00  0  0.00    31.969    0.0000     0.0000   0.00  0  0.00    52.919    0.0000     0.0000   0.00  0  0.00     0.212    0.0000     0.0000   0.00  0  0.00
 1  32230060331     1.657    0.0000     0.0000   0.00  0  0.00     5.512    0.0000     0.0000   0.00  0  0.00     0.053    0.0000     0.0000   0.00  0  0.00     2.205    0.0000     0.0000   0.00  0  0.00     1.102    0.0000     0.0000   0.00  0  0.00     1.103    0.0000     0.0000   0.00  0  0.00     0.012    0.0000     0.0000   0.00  0  0.00
 1  32230060332     6.068    0.0000     0.0000   0.00  0  0.00    22.047    0.0000     0.0000   0.00  0  0.00     0.163    0.0000     0.0000   0.00  0  0.00    16.535    0.0000     0.0000   0.00  0  0.00    11.024    0.0000     0.0000   0.00  0  0.00     6.617    0.0000     0.0000   0.00  0  0.00     0.054    0.0000     0.0000   0.00  0  0.00
 1  32230060333   115.208    0.0000     0.0000   0.00  0  0.00   146.608    0.0000     0.0000   0.00  0  0.00     0.393    0.0000     0.0000   0.00  0  0.00    22.046    0.0000     0.0000   0.00  0  0.00    15.432    0.0000     0.0000   0.00  0  0.00    27.566    0.0000     0.0000   0.00  0  0.00     0.103    0.0000     0.0000   0.00  0  0.00
 1  32230070331   162.079    0.0000     0.0000   0.00  0  0.00   265.657    0.0000     0.0000   0.00  0  0.00     0.169    0.0000     0.0000   0.00  0  0.00    24.251    0.0000     0.0000   0.00  0  0.00    16.535    0.0000     0.0000   0.00  0  0.00    25.357    0.0000     0.0000   0.00  0  0.00     0.040    0.0000     0.0000   0.00  0  0.00
 1  32230070332    33.638    0.0000     0.0000   0.00  0  0.00    81.571    0.0000     0.0000   0.00  0  0.00     0.160    0.0000     0.0000   0.00  0  0.00     7.716    0.0000     0.0000   0.00  0  0.00     5.512    0.0000     0.0000   0.00  0  0.00     8.822    0.0000     0.0000   0.00  0  0.00     0.009    0.0000     0.0000   0.00  0  0.00
 1  32230070333     1.655    0.0000     0.0000   0.00  0  0.00     4.409    0.0000     0.0000   0.00  0  0.00     0.021    0.0000     0.0000   0.00  0  0.00     0.000    0.0000     0.0000   0.00  0  0.00     0.000    0.0000     0.0000   0.00  0  0.00     0.000    0.0000     0.0000   0.00  0  0.00     0.001    0.0000     0.0000   0.00  0  0.00
 1  32230070334    45.197    0.0000     0.0000   0.00  0  0.00   114.641    0.0000     0.0000   0.00  0  0.00     0.388    0.0000     0.0000   0.00  0  0.00     6.614    0.0000     0.0000   0.00  0  0.00     4.410    0.0000     0.0000   0.00  0  0.00     4.417    0.0000     0.0000   0.00  0  0.00     0.043    0.0000     0.0000   0.00  0  0.00
 1  42201001000   261.286    0.0000     0.0000   0.00  0  0.00    97.007    0.0000     0.0000   0.00  0  0.00     0.796    0.0000     0.0000   0.00  0  0.00     0.004    0.0000     0.0000   0.00  0  0.00     0.004    0.0000     0.0000   0.00  0  0.00   134.487    0.0000     0.0000   0.00  0  0.00     0.408    0.0000     0.0000   0.00  0  0.00
 1  42201080000   178.025    0.0000     0.0000   0.00  0  0.00     7.716    0.0000     0.0000   0.00  0  0.00     0.021    0.0000     0.0000   0.00  0  0.00     0.000    0.0000     0.0000   0.00  0  0.00     0.000    0.0000     0.0000   0.00  0  0.00    23.149    0.0000     0.0000   0.00  0  0.00     0.041    0.0000     0.0000   0.00  0  0.00
 1  42230001000    33.069    0.0000     0.0000   0.00  0  0.00    51.810    0.0000     0.0000   0.00  0  0.00     0.438    0.0000     0.0000   0.00  0  0.00    20.945    0.0000     0.0000   0.00  0  0.00    14.331    0.0000     0.0000   0.00  0  0.00    24.260    0.0000     0.0000   0.00  0  0.00     0.097    0.0000     0.0000   0.00  0  0.00
 1  42230060331     1.697    0.0000     0.0000   0.00  0  0.00     6.614    0.0000     0.0000   0.00  0  0.00     0.063    0.0000     0.0000   0.00  0  0.00     2.205    0.0000     0.0000   0.00  0  0.00     1.102    0.0000     0.0000   0.00  0  0.00     1.104    0.0000     0.0000   0.00  0  0.00     0.013    0.0000     0.0000   0.00  0  0.00
 1  42230060332     8.268    0.0000     0.0000   0.00  0  0.00    28.661    0.0000     0.0000   0.00  0  0.00     0.215    0.0000     0.0000   0.00  0  0.00    20.945    0.0000     0.0000   0.00  0  0.00    14.331    0.0000     0.0000   0.00  0  0.00     9.925    0.0000     0.0000   0.00  0  0.00     0.072    0.0000     0.0000   0.00  0  0.00
 1  42230060333    89.290    0.0000     0.0000   0.00  0  0.00   113.539    0.0000     0.0000   0.00  0  0.00     0.303    0.0000     0.0000   0.00  0  0.00    17.638    0.0000     0.0000   0.00  0  0.00    12.133    0.0000     0.0000   0.00  0  0.00    20.950    0.0000     0.0000   0.00  0  0.00     0.079    0.0000     0.0000   0.00  0  0.00
 1  42230070331    87.085    0.0000     0.0000   0.00  0  0.00   142.200    0.0000     0.0000   0.00  0  0.00     0.090    0.0000     0.0000   0.00  0  0.00    12.126    0.0000     0.0000   0.00  0  0.00     8.819    0.0000     0.0000   0.00  0  0.00    13.230    0.0000     0.0000   0.00  0  0.00     0.021    0.0000     0.0000   0.00  0  0.00
 1  42230070332    40.114    0.0000     0.0000   0.00  0  0.00    95.901    0.0000     0.0000   0.00  0  0.00     0.189    0.0000     0.0000   0.00  0  0.00     9.921    0.0000     0.0000   0.00  0  0.00     6.614    0.0000     0.0000   0.00  0  0.00     9.958    0.0000     0.0000   0.00  0  0.00     0.010    0.0000     0.0000   0.00  0  0.00
 1  42230070333     1.655    0.0000     0.0000   0.00  0  0.00     4.409    0.0000     0.0000   0.00  0  0.00     0.023    0.0000     0.0000   0.00  0  0.00     0.000    0.0000     0.0000   0.00  0  0.00     0.000    0.0000     0.0000   0.00  0  0.00     0.000    0.0000     0.0000   0.00  0  0.00     0.001    0.0000     0.0000   0.00  0  0.00
 1  42230070334    47.953    0.0000     0.0000   0.00  0  0.00   121.885    0.0000     0.0000   0.00  0  0.00     0.409    0.0000     0.0000   0.00  0  0.00     7.722    0.0000     0.0000   0.00  0  0.00     5.518    0.0000     0.0000   0.00  0  0.00     5.520    0.0000     0.0000   0.00  0  0.00     0.046    0.0000     0.0000   0.00  0  0.00
 1  52201001000   318.010    0.0000     0.0000   0.00  0  0.00   117.952    0.0000     0.0000   0.00  0  0.00     0.969    0.0000     0.0000   0.00  0  0.00     0.050    0.0000     0.0000   0.00  0  0.00     0.005    0.0000     0.0000   0.00  0  0.00   164.245    0.0000     0.0000   0.00  0  0.00     0.497    0.0000     0.0000   0.00  0  0.00
 1  52201080000   217.155    0.0000     0.0000   0.00  0  0.00     9.926    0.0000     0.0000   0.00  0  0.00     0.025    0.0000     0.0000   0.00  0  0.00     0.000    0.0000     0.0000   0.00  0  0.00     0.000    0.0000     0.0000   0.00  0  0.00    28.661    0.0000     0.0000   0.00  0  0.00     0.050    0.0000     0.0000   0.00  0  0.00
 1  52230001000    56.770    0.0000     0.0000   0.00  0  0.00    88.187    0.0000     0.0000   0.00  0  0.00     0.749    0.0000     0.0000   0.00  0  0.00    35.274    0.0000     0.0000   0.00  0  0.00    25.355    0.0000     0.0000   0.00  0  0.00    41.892    0.0000     0.0000   0.00  0  0.00     0.166    0.0000     0.0000   0.00  0  0.00
 1  52230060331     1.673    0.0000     0.0000   0.00  0  0.00     6.614    0.0000     0.0000   0.00  0  0.00     0.067    0.0000     0.0000   0.00  0  0.00     2.205    0.0000     0.0000   0.00  0  0.00     2.205    0.0000     0.0000   0.00  0  0.00     1.102    0.0000     0.0000   0.00  0  0.00     0.015    0.0000     0.0000   0.00  0  0.00
 1  52230060332     7.717    0.0000     0.0000   0.00  0  0.00    26.456    0.0000     0.0000   0.00  0  0.00     0.196    0.0000     0.0000   0.00  0  0.00    19.842    0.0000     0.0000   0.00  0  0.00    13.228    0.0000     0.0000   0.00  0  0.00     8.822    0.0000     0.0000   0.00  0  0.00     0.065    0.0000     0.0000   0.00  0  0.00
 1  52230060333   148.832    0.0000     0.0000   0.00  0  0.00   189.599    0.0000     0.0000   0.00  0  0.00     0.507    0.0000     0.0000   0.00  0  0.00    28.661    0.0000     0.0000   0.00  0  0.00    19.855    0.0000     0.0000   0.00  0  0.00    35.284    0.0000     0.0000   0.00  0  0.00     0.132    0.0000     0.0000   0.00  0  0.00
 1  52230070331   255.236    0.0000     0.0000   0.00  0  0.00   419.981    0.0000     0.0000   0.00  0  0.00     0.266    0.0000     0.0000   0.00  0  0.00    38.582    0.0000     0.0000   0.00  0  0.00    26.456    0.0000     0.0000   0.00  0  0.00    40.791    0.0000     0.0000   0.00  0  0.00     0.063    0.0000     0.0000   0.00  0  0.00
 1  52230070332    42.441    0.0000     0.0000   0.00  0  0.00   102.515    0.0000     0.0000   0.00  0  0.00     0.200    0.0000     0.0000   0.00  0  0.00     9.921    0.0000     0.0000   0.00  0  0.00     6.614    0.0000     0.0000   0.00  0  0.00    11.027    0.0000     0.0000   0.00  0  0.00     0.011    0.0000     0.0000   0.00  0  0.00
 1  52230070333     3.327    0.0000     0.0000   0.00  0  0.00     7.716    0.0000     0.0000   0.00  0  0.00     0.038    0.0000     0.0000   0.00  0  0.00     0.000    0.0000     0.0000   0.00  0  0.00     0.000    0.0000     0.0000   0.00  0  0.00     0.001    0.0000     0.0000   0.00  0  0.00     0.002    0.0000     0.0000   0.00  0  0.00
 1  52230070334    81.023    0.0000     0.0000   0.00  0  0.00   205.031    0.0000     0.0000   0.00  0  0.00     0.691    0.0000     0.0000   0.00  0  0.00    13.229    0.0000     0.0000   0.00  0  0.00     8.819    0.0000     0.0000   0.00  0  0.00     8.819    0.0000     0.0000   0.00  0  0.00     0.077    0.0000     0.0000   0.00  0  0.00
 1  62201001000   417.776    0.0000     0.0000   0.00  0  0.00   154.389    0.0000     0.0000   0.00  0  0.00     1.274    0.0000     0.0000   0.00  0  0.00     1.109    0.0000     0.0000   0.00  0  0.00     0.007    0.0000     0.0000   0.00  0  0.00   216.056    0.0000     0.0000   0.00  0  0.00     0.653    0.0000     0.0000   0.00  0  0.00
 1  62201080000   285.515    0.0000     0.0000   0.00  0  0.00    13.228    0.0000     0.0000   0.00  0  0.00     0.033    0.0000     0.0000   0.00  0  0.00     0.001    0.0000     0.0000   0.00  0  0.00     0.001    0.0000     0.0000   0.00  0  0.00    38.582    0.0000     0.0000   0.00  0  0.00     0.065    0.0000     0.0000   0.00  0  0.00
 1  62230001000    46.849    0.0000     0.0000   0.00  0  0.00    73.856    0.0000     0.0000   0.00  0  0.00     0.621    0.0000     0.0000   0.00  0  0.00    29.764    0.0000     0.0000   0.00  0  0.00    20.945    0.0000     0.0000   0.00  0  0.00    34.173    0.0000     0.0000   0.00  0  0.00     0.138    0.0000     0.0000   0.00  0  0.00
 1  62230060331     1.654    0.0000     0.0000   0.00  0  0.00     7.717    0.0000     0.0000   0.00  0  0.00     0.071    0.0000     0.0000   0.00  0  0.00     3.307    0.0000     0.0000   0.00  0  0.00     2.205    0.0000     0.0000   0.00  0  0.00     1.104    0.0000     0.0000   0.00  0  0.00     0.013    0.0000     0.0000   0.00  0  0.00
 1  62230060332     8.825    0.0000     0.0000   0.00  0  0.00    29.763    0.0000     0.0000   0.00  0  0.00     0.222    0.0000     0.0000   0.00  0  0.00    22.054    0.0000     0.0000   0.00  0  0.00    15.433    0.0000     0.0000   0.00  0  0.00     9.965    0.0000     0.0000   0.00  0  0.00     0.074    0.0000     0.0000   0.00  0  0.00
 1  62230060333   268.415    0.0000     0.0000   0.00  0  0.00   341.719    0.0000     0.0000   0.00  0  0.00     0.913    0.0000     0.0000   0.00  0  0.00    52.913    0.0000     0.0000   0.00  0  0.00    36.379    0.0000     0.0000   0.00  0  0.00    63.941    0.0000     0.0000   0.00  0  0.00     0.238    0.0000     0.0000   0.00  0  0.00
 1  62230070331   553.364    0.0000     0.0000   0.00  0  0.00   909.408    0.0000     0.0000   0.00  0  0.00     0.576    0.0000     0.0000   0.00  0  0.00    82.675    0.0000     0.0000   0.00  0  0.00    58.424    0.0000     0.0000   0.00  0  0.00    88.185    0.0000     0.0000   0.00  0  0.00     0.135    0.0000     0.0000   0.00  0  0.00
 1  62230070332    45.195    0.0000     0.0000   0.00  0  0.00   108.027    0.0000     0.0000   0.00  0  0.00     0.212    0.0000     0.0000   0.00  0  0.00    11.023    0.0000     0.0000   0.00  0  0.00     7.716    0.0000     0.0000   0.00  0  0.00    11.027    0.0000     0.0000   0.00  0  0.00     0.009    0.0000     0.0000   0.00  0  0.00
 1  62230070333     2.758    0.0000     0.0000   0.00  0  0.00     6.999    0.0000     0.0000   0.00  0  0.00     0.031    0.0000     0.0000   0.00  0  0.00     0.004    0.0000     0.0000   0.00  0  0.00     0.039    0.0000     0.0000   0.00  0  0.00     0.001    0.0000     0.0000   0.00  0  0.00     0.001    0.0000     0.0000   0.00  0  0.00
 1  62230070334    65.588    0.0000     0.0000   0.00  0  0.00   165.347    0.0000     0.0000   0.00  0  0.00     0.558    0.0000     0.0000   0.00  0  0.00    11.024    0.0000     0.0000   0.00  0  0.00     7.717    0.0000     0.0000   0.00  0  0.00     6.614    0.0000     0.0000   0.00  0  0.00     0.062    0.0000     0.0000   0.00  0  0.00
 1  72201001000   394.077    0.0000     0.0000   0.00  0  0.00   145.511    0.0000     0.0000   0.00  0  0.00     1.201    0.0000     0.0000   0.00  0  0.00     1.108    0.0000     0.0000   0.00  0  0.00     0.006    0.0000     0.0000   0.00  0  0.00   203.947    0.0000     0.0000   0.00  0  0.00     0.616    0.0000     0.0000   0.00  0  0.00
 1  72201080000   268.965    0.0000     0.0000   0.00  0  0.00    12.132    0.0000     0.0000   0.00  0  0.00     0.031    0.0000     0.0000   0.00  0  0.00     0.001    0.0000     0.0000   0.00  0  0.00     0.001    0.0000     0.0000   0.00  0  0.00    36.377    0.0000     0.0000   0.00  0  0.00     0.062    0.0000     0.0000   0.00  0  0.00
 1  72230001000    76.060    0.0000     0.0000   0.00  0  0.00   119.052    0.0000     0.0000   0.00  0  0.00     1.005    0.0000     0.0000   0.00  0  0.00    48.504    0.0000     0.0000   0.00  0  0.00    33.072    0.0000     0.0000   0.00  0  0.00    56.227    0.0000     0.0000   0.00  0  0.00     0.223    0.0000     0.0000   0.00  0  0.00
 1  72230060331     1.699    0.0000     0.0000   0.00  0  0.00     5.512    0.0000     0.0000   0.00  0  0.00     0.057    0.0000     0.0000   0.00  0  0.00     2.205    0.0000     0.0000   0.00  0  0.00     1.102    0.0000     0.0000   0.00  0  0.00     1.103    0.0000     0.0000   0.00  0  0.00     0.014    0.0000     0.0000   0.00  0  0.00
 1  72230060332     9.370    0.0000     0.0000   0.00  0  0.00    31.968    0.0000     0.0000   0.00  0  0.00     0.236    0.0000     0.0000   0.00  0  0.00    23.149    0.0000     0.0000   0.00  0  0.00    16.535    0.0000     0.0000   0.00  0  0.00     9.926    0.0000     0.0000   0.00  0  0.00     0.079    0.0000     0.0000   0.00  0  0.00
 1  72230060333   180.231    0.0000     0.0000   0.00  0  0.00   229.282    0.0000     0.0000   0.00  0  0.00     0.614    0.0000     0.0000   0.00  0  0.00    35.276    0.0000     0.0000   0.00  0  0.00    24.252    0.0000     0.0000   0.00  0  0.00    42.991    0.0000     0.0000   0.00  0  0.00     0.160    0.0000     0.0000   0.00  0  0.00
 1  72230070331   244.714    0.0000     0.0000   0.00  0  0.00   402.344    0.0000     0.0000   0.00  0  0.00     0.255    0.0000     0.0000   0.00  0  0.00    36.382    0.0000     0.0000   0.00  0  0.00    25.354    0.0000     0.0000   0.00  0  0.00    38.586    0.0000     0.0000   0.00  0  0.00     0.060    0.0000     0.0000   0.00  0  0.00
 1  72230070332    35.850    0.0000     0.0000   0.00  0  0.00    85.980    0.0000     0.0000   0.00  0  0.00     0.169    0.0000     0.0000   0.00  0  0.00     8.819    0.0000     0.0000   0.00  0  0.00     5.512    0.0000     0.0000   0.00  0  0.00     8.819    0.0000     0.0000   0.00  0  0.00     0.010    0.0000     0.0000   0.00  0  0.00
 1  72230070333     2.205    0.0000     0.0000   0.00  0  0.00     6.614    0.0000     0.0000   0.00  0  0.00     0.030    0.0000     0.0000   0.00  0  0.00     0.000    0.0000     0.0000   0.00  0  0.00     0.000    0.0000     0.0000   0.00  0  0.00     0.001    0.0000     0.0000   0.00  0  0.00     0.001    0.0000     0.0000   0.00  0  0.00
 1  72230070334    63.383    0.0000     0.0000   0.00  0  0.00   160.938    0.0000     0.0000   0.00  0  0.00     0.541    0.0000     0.0000   0.00  0  0.00     9.921    0.0000     0.0000   0.00  0  0.00     6.620    0.0000     0.0000   0.00  0  0.00     6.625    0.0000     0.0000   0.00  0  0.00     0.060    0.0000     0.0000   0.00  0  0.00
 1  82201001000   601.365    0.0000     0.0000   0.00  0  0.00   222.676    0.0000     0.0000   0.00  0  0.00     1.832    0.0000     0.0000   0.00  0  0.00     1.112    0.0000     0.0000   0.00  0  0.00     1.112    0.0000     0.0000   0.00  0  0.00   310.855    0.0000     0.0000   0.00  0  0.00     0.940    0.0000     0.0000   0.00  0  0.00
 1  82201080000   410.613    0.0000     0.0000   0.00  0  0.00    18.740    0.0000     0.0000   0.00  0  0.00     0.047    0.0000     0.0000   0.00  0  0.00     0.001    0.0000     0.0000   0.00  0  0.00     0.001    0.0000     0.0000   0.00  0  0.00    55.117    0.0000     0.0000   0.00  0  0.00     0.094    0.0000     0.0000   0.00  0  0.00
 1  82230001000    70.552    0.0000     0.0000   0.00  0  0.00   110.231    0.0000     0.0000   0.00  0  0.00     0.928    0.0000     0.0000   0.00  0  0.00    44.093    0.0000     0.0000   0.00  0  0.00    30.865    0.0000     0.0000   0.00  0  0.00    51.816    0.0000     0.0000   0.00  0  0.00     0.206    0.0000     0.0000   0.00  0  0.00
 1  82230060331     2.208    0.0000     0.0000   0.00  0  0.00     7.716    0.0000     0.0000   0.00  0  0.00     0.074    0.0000     0.0000   0.00  0  0.00     3.307    0.0000     0.0000   0.00  0  0.00     2.205    0.0000     0.0000   0.00  0  0.00     2.206    0.0000     0.0000   0.00  0  0.00     0.017    0.0000     0.0000   0.00  0  0.00
 1  82230060332     8.819    0.0000     0.0000   0.00  0  0.00    31.967    0.0000     0.0000   0.00  0  0.00     0.235    0.0000     0.0000   0.00  0  0.00    23.149    0.0000     0.0000   0.00  0  0.00    16.535    0.0000     0.0000   0.00  0  0.00     9.925    0.0000     0.0000   0.00  0  0.00     0.078    0.0000     0.0000   0.00  0  0.00
 1  82230060333   262.904    0.0000     0.0000   0.00  0  0.00   335.105    0.0000     0.0000   0.00  0  0.00     0.896    0.0000     0.0000   0.00  0  0.00    51.811    0.0000     0.0000   0.00  0  0.00    36.379    0.0000     0.0000   0.00  0  0.00    62.839    0.0000     0.0000   0.00  0  0.00     0.234    0.0000     0.0000   0.00  0  0.00
 1  82230070331   355.401    0.0000     0.0000   0.00  0  0.00   584.226    0.0000     0.0000   0.00  0  0.00     0.369    0.0000     0.0000   0.00  0  0.00    52.912    0.0000     0.0000   0.00  0  0.00    37.479    0.0000     0.0000   0.00  0  0.00    56.225    0.0000     0.0000   0.00  0  0.00     0.087    0.0000     0.0000   0.00  0  0.00
 1  82230070332    46.852    0.0000     0.0000   0.00  0  0.00   113.538    0.0000     0.0000   0.00  0  0.00     0.222    0.0000     0.0000   0.00  0  0.00    11.023    0.0000     0.0000   0.00  0  0.00     7.716    0.0000     0.0000   0.00  0  0.00    12.130    0.0000     0.0000   0.00  0  0.00     0.012    0.0000     0.0000   0.00  0  0.00
 1  82230070333     3.861    0.0000     0.0000   0.00  0  0.00     9.921    0.0000     0.0000   0.00  0  0.00     0.045    0.0000     0.0000   0.00  0  0.00     0.000    0.0000     0.0000   0.00  0  0.00     0.000    0.0000     0.0000   0.00  0  0.00     0.009    0.0000     0.0000   0.00  0  0.00     0.002    0.0000     0.0000   0.00  0  0.00
 1  82230070334    94.803    0.0000     0.0000   0.00  0  0.00   239.211    0.0000     0.0000   0.00  0  0.00     0.806    0.0000     0.0000   0.00  0  0.00    15.433    0.0000     0.0000   0.00  0  0.00    11.024    0.0000     0.0000   0.00  0  0.00    11.028    0.0000     0.0000   0.00  0  0.00     0.090    0.0000     0.0000   0.00  0  0.00
 1  92201001000   200.295    0.0000     0.0000   0.00  0  0.00    73.858    0.0000     0.0000   0.00  0  0.00     0.610    0.0000     0.0000   0.00  0  0.00     0.003    0.0000     0.0000   0.00  0  0.00     0.003    0.0000     0.0000   0.00  0  0.00   103.618    0.0000     0.0000   0.00  0  0.00     0.313    0.0000     0.0000   0.00  0  0.00
 1  92201080000   136.692    0.0000     0.0000   0.00  0  0.00     5.512    0.0000     0.0000   0.00  0  0.00     0.015    0.0000     0.0000   0.00  0  0.00     0.000    0.0000     0.0000   0.00  0  0.00     0.000    0.0000     0.0000   0.00  0  0.00    17.637    0.0000     0.0000   0.00  0  0.00     0.031    0.0000     0.0000   0.00  0  0.00
 1  92230001000    29.764    0.0000     0.0000   0.00  0  0.00    46.298    0.0000     0.0000   0.00  0  0.00     0.396    0.0000     0.0000   0.00  0  0.00    18.740    0.0000     0.0000   0.00  0  0.00    13.237    0.0000     0.0000   0.00  0  0.00    22.054    0.0000     0.0000   0.00  0  0.00     0.088    0.0000     0.0000   0.00  0  0.00
 1  92230060331     0.591    0.0000     0.0000   0.00  0  0.00     2.205    0.0000     0.0000   0.00  0  0.00     0.027    0.0000     0.0000   0.00  0  0.00     1.102    0.0000     0.0000   0.00  0  0.00     0.000    0.0000     0.0000   0.00  0  0.00     0.001    0.0000     0.0000   0.00  0  0.00     0.006    0.0000     0.0000   0.00  0  0.00
 1  92230060332     6.063    0.0000     0.0000   0.00  0  0.00    20.944    0.0000     0.0000   0.00  0  0.00     0.154    0.0000     0.0000   0.00  0  0.00    15.433    0.0000     0.0000   0.00  0  0.00    11.024    0.0000     0.0000   0.00  0  0.00     6.617    0.0000     0.0000   0.00  0  0.00     0.051    0.0000     0.0000   0.00  0  0.00
 1  92230060333   114.105    0.0000     0.0000   0.00  0  0.00   144.404    0.0000     0.0000   0.00  0  0.00     0.389    0.0000     0.0000   0.00  0  0.00    22.047    0.0000     0.0000   0.00  0  0.00    15.433    0.0000     0.0000   0.00  0  0.00    26.463    0.0000     0.0000   0.00  0  0.00     0.101    0.0000     0.0000   0.00  0  0.00
 1  92230070331   167.004    0.0000     0.0000   0.00  0  0.00   274.476    0.0000     0.0000   0.00  0  0.00     0.174    0.0000     0.0000   0.00  0  0.00    24.251    0.0000     0.0000   0.00  0  0.00    17.637    0.0000     0.0000   0.00  0  0.00    26.459    0.0000     0.0000   0.00  0  0.00     0.041    0.0000     0.0000   0.00  0  0.00
 1  92230070332    17.103    0.0000     0.0000   0.00  0  0.00    40.786    0.0000     0.0000   0.00  0  0.00     0.081    0.0000     0.0000   0.00  0  0.00     3.307    0.0000     0.0000   0.00  0  0.00     2.205    0.0000     0.0000   0.00  0  0.00     4.411    0.0000     0.0000   0.00  0  0.00     0.004    0.0000     0.0000   0.00  0  0.00
 1  92230070333     1.103    0.0000     0.0000   0.00  0  0.00     3.307    0.0000     0.0000   0.00  0  0.00     0.018    0.0000     0.0000   0.00  0  0.00     0.000    0.0000     0.0000   0.00  0  0.00     0.000    0.0000     0.0000   0.00  0  0.00     0.004    0.0000     0.0000   0.00  0  0.00     0.001    0.0000     0.0000   0.00  0  0.00
 1  92230070334    38.032    0.0000     0.0000   0.00  0  0.00    95.901    0.0000     0.0000   0.00  0  0.00     0.325    0.0000     0.0000   0.00  0  0.00     5.512    0.0000     0.0000   0.00  0  0.00     4.410    0.0000     0.0000   0.00  0  0.00     4.416    0.0000     0.0000   0.00  0  0.00     0.036    0.0000     0.0000   0.00  0  0.00
 1 102201001000   653.152    0.0000     0.0000   0.00  0  0.00   242.519    0.0000     0.0000   0.00  0  0.00     1.990    0.0000     0.0000   0.00  0  0.00     1.113    0.0000     0.0000   0.00  0  0.00     1.204    0.0000     0.0000   0.00  0  0.00   338.416    0.0000     0.0000   0.00  0  0.00     1.020    0.0000     0.0000   0.00  0  0.00
 1 102201080000   446.356    0.0000     0.0000   0.00  0  0.00    20.945    0.0000     0.0000   0.00  0  0.00     0.051    0.0000     0.0000   0.00  0  0.00     0.001    0.0000     0.0000   0.00  0  0.00     0.010    0.0000     0.0000   0.00  0  0.00    59.526    0.0000     0.0000   0.00  0  0.00     0.102    0.0000     0.0000   0.00  0  0.00
 1 102230001000    55.667    0.0000     0.0000   0.00  0  0.00    87.084    0.0000     0.0000   0.00  0  0.00     0.738    0.0000     0.0000   0.00  0  0.00    35.276    0.0000     0.0000   0.00  0  0.00    24.252    0.0000     0.0000   0.00  0  0.00    40.789    0.0000     0.0000   0.00  0  0.00     0.164    0.0000     0.0000   0.00  0  0.00
 1 102230060331     3.860    0.0000     0.0000   0.00  0  0.00    15.433    0.0000     0.0000   0.00  0  0.00     0.139    0.0000     0.0000   0.00  0  0.00     6.614    0.0000     0.0000   0.00  0  0.00     4.410    0.0000     0.0000   0.00  0  0.00     3.310    0.0000     0.0000   0.00  0  0.00     0.034    0.0000     0.0000   0.00  0  0.00
 1 102230060332    10.486    0.0000     0.0000   0.00  0  0.00    37.480    0.0000     0.0000   0.00  0  0.00     0.275    0.0000     0.0000   0.00  0  0.00    27.559    0.0000     0.0000   0.00  0  0.00    18.739    0.0000     0.0000   0.00  0  0.00    12.131    0.0000     0.0000   0.00  0  0.00     0.091    0.0000     0.0000   0.00  0  0.00
 1 102230060333   426.622    0.0000     0.0000   0.00  0  0.00   542.341    0.0000     0.0000   0.00  0  0.00     1.451    0.0000     0.0000   0.00  0  0.00    84.882    0.0000     0.0000   0.00  0  0.00    58.426    0.0000     0.0000   0.00  0  0.00   102.516    0.0000     0.0000   0.00  0  0.00     0.379    0.0000     0.0000   0.00  0  0.00
 1 102230070331  1266.559    0.0000     0.0000   0.00  0  0.00  2082.269    0.0000     0.0000   0.00  0  0.00     1.317    0.0000     0.0000   0.00  0  0.00   190.703    0.0000     0.0000   0.00  0  0.00   133.383    0.0000     0.0000   0.00  0  0.00   203.932    0.0000     0.0000   0.00  0  0.00     0.310    0.0000     0.0000   0.00  0  0.00
 1 102230070332    88.207    0.0000     0.0000   0.00  0  0.00   213.849    0.0000     0.0000   0.00  0  0.00     0.416    0.0000     0.0000   0.00  0  0.00    20.944    0.0000     0.0000   0.00  0  0.00    14.330    0.0000     0.0000   0.00  0  0.00    23.157    0.0000     0.0000   0.00  0  0.00     0.024    0.0000     0.0000   0.00  0  0.00
 1 102230070333     4.451    0.0000     0.0000   0.00  0  0.00    11.023    0.0000     0.0000   0.00  0  0.00     0.052    0.0000     0.0000   0.00  0  0.00     0.000    0.0000     0.0000   0.00  0  0.00     0.000    0.0000     0.0000   0.00  0  0.00     0.000    0.0000     0.0000   0.00  0  0.00     0.003    0.0000     0.0000   0.00  0  0.00
 1 102230070334   109.680    0.0000     0.0000   0.00  0  0.00   276.681    0.0000     0.0000   0.00  0  0.00     0.932    0.0000     0.0000   0.00  0  0.00    17.637    0.0000     0.0000   0.00  0  0.00    12.126    0.0000     0.0000   0.00  0  0.00    12.133    0.0000     0.0000   0.00  0  0.00     0.104    0.0000     0.0000   0.00  0  0.00
 1 112201001000   612.889    0.0000     0.0000   0.00  0  0.00   227.766    0.0000     0.0000   0.00  0  0.00     1.867    0.0000     0.0000   0.00  0  0.00     1.109    0.0000     0.0000   0.00  0  0.00     1.109    0.0000     0.0000   0.00  0  0.00   317.470    0.0000     0.0000   0.00  0  0.00     0.958    0.0000     0.0000   0.00  0  0.00
 1 112201080000   418.899    0.0000     0.0000   0.00  0  0.00    18.740    0.0000     0.0000   0.00  0  0.00     0.048    0.0000     0.0000   0.00  0  0.00     0.001    0.0000     0.0000   0.00  0  0.00     0.001    0.0000     0.0000   0.00  0  0.00    56.219    0.0000     0.0000   0.00  0  0.00     0.096    0.0000     0.0000   0.00  0  0.00
 1 112230001000    23.149    0.0000     0.0000   0.00  0  0.00    36.377    0.0000     0.0000   0.00  0  0.00     0.305    0.0000     0.0000   0.00  0  0.00    14.331    0.0000     0.0000   0.00  0  0.00     9.921    0.0000     0.0000   0.00  0  0.00    16.541    0.0000     0.0000   0.00  0  0.00     0.068    0.0000     0.0000   0.00  0  0.00
 1 112230060331     1.684    0.0000     0.0000   0.00  0  0.00     6.614    0.0000     0.0000   0.00  0  0.00     0.064    0.0000     0.0000   0.00  0  0.00     2.205    0.0000     0.0000   0.00  0  0.00     1.104    0.0000     0.0000   0.00  0  0.00     1.104    0.0000     0.0000   0.00  0  0.00     0.014    0.0000     0.0000   0.00  0  0.00
 1 112230060332     9.376    0.0000     0.0000   0.00  0  0.00    31.968    0.0000     0.0000   0.00  0  0.00     0.239    0.0000     0.0000   0.00  0  0.00    24.259    0.0000     0.0000   0.00  0  0.00    16.535    0.0000     0.0000   0.00  0  0.00    11.028    0.0000     0.0000   0.00  0  0.00     0.080    0.0000     0.0000   0.00  0  0.00
 1 112230060333   315.836    0.0000     0.0000   0.00  0  0.00   402.346    0.0000     0.0000   0.00  0  0.00     1.076    0.0000     0.0000   0.00  0  0.00    62.835    0.0000     0.0000   0.00  0  0.00    42.993    0.0000     0.0000   0.00  0  0.00    76.061    0.0000     0.0000   0.00  0  0.00     0.281    0.0000     0.0000   0.00  0  0.00
 1 112230070331  1245.612    0.0000     0.0000   0.00  0  0.00  2048.097    0.0000     0.0000   0.00  0  0.00     1.295    0.0000     0.0000   0.00  0  0.00   188.498    0.0000     0.0000   0.00  0  0.00   131.178    0.0000     0.0000   0.00  0  0.00   200.621    0.0000     0.0000   0.00  0  0.00     0.305    0.0000     0.0000   0.00  0  0.00
 1 112230070332    40.234    0.0000     0.0000   0.00  0  0.00    97.004    0.0000     0.0000   0.00  0  0.00     0.191    0.0000     0.0000   0.00  0  0.00     9.921    0.0000     0.0000   0.00  0  0.00     6.614    0.0000     0.0000   0.00  0  0.00     9.925    0.0000     0.0000   0.00  0  0.00     0.010    0.0000     0.0000   0.00  0  0.00
 1 112230070333     5.513    0.0000     0.0000   0.00  0  0.00    14.330    0.0000     0.0000   0.00  0  0.00     0.068    0.0000     0.0000   0.00  0  0.00     1.102    0.0000     0.0000   0.00  0  0.00     0.000    0.0000     0.0000   0.00  0  0.00     0.000    0.0000     0.0000   0.00  0  0.00     0.003    0.0000     0.0000   0.00  0  0.00
 1 112230070334   143.300    0.0000     0.0000   0.00  0  0.00   362.662    0.0000     0.0000   0.00  0  0.00     1.220    0.0000     0.0000   0.00  0  0.00    23.149    0.0000     0.0000   0.00  0  0.00    16.535    0.0000     0.0000   0.00  0  0.00    16.537    0.0000     0.0000   0.00  0  0.00     0.136    0.0000     0.0000   0.00  0  0.00
 1 122201001000   214.963    0.0000     0.0000   0.00  0  0.00    79.370    0.0000     0.0000   0.00  0  0.00     0.656    0.0000     0.0000   0.00  0  0.00     0.003    0.0000     0.0000   0.00  0  0.00     0.003    0.0000     0.0000   0.00  0  0.00   111.336    0.0000     0.0000   0.00  0  0.00     0.337    0.0000     0.0000   0.00  0  0.00
 1 122201080000   147.169    0.0000     0.0000   0.00  0  0.00     6.614    0.0000     0.0000   0.00  0  0.00     0.017    0.0000     0.0000   0.00  0  0.00     0.000    0.0000     0.0000   0.00  0  0.00     0.000    0.0000     0.0000   0.00  0  0.00    19.842    0.0000     0.0000   0.00  0  0.00     0.034    0.0000     0.0000   0.00  0  0.00
 1 122230001000    23.150    0.0000     0.0000   0.00  0  0.00    36.377    0.0000     0.0000   0.00  0  0.00     0.308    0.0000     0.0000   0.00  0  0.00    14.331    0.0000     0.0000   0.00  0  0.00     9.921    0.0000     0.0000   0.00  0  0.00    16.541    0.0000     0.0000   0.00  0  0.00     0.069    0.0000     0.0000   0.00  0  0.00
 1 122230060331     1.105    0.0000     0.0000   0.00  0  0.00     4.409    0.0000     0.0000   0.00  0  0.00     0.042    0.0000     0.0000   0.00  0  0.00     1.102    0.0000     0.0000   0.00  0  0.00     1.102    0.0000     0.0000   0.00  0  0.00     1.103    0.0000     0.0000   0.00  0  0.00     0.004    0.0000     0.0000   0.00  0  0.00
 1 122230060332     0.000    0.0000     0.0000   0.00  0  0.00     0.000    0.0000     0.0000   0.00  0  0.00     0.000    0.0000     0.0000   0.00  0  0.00     0.000    0.0000     0.0000   0.00  0  0.00     0.000    0.0000     0.0000   0.00  0  0.00     0.000    0.0000     0.0000   0.00  0  0.00     0.000    0.0000     0.0000   0.00  0  0.00
 1 122230060333   192.905    0.0000     0.0000   0.00  0  0.00   245.817    0.0000     0.0000   0.00  0  0.00     0.657    0.0000     0.0000   0.00  0  0.00    37.480    0.0000     0.0000   0.00  0  0.00    26.457    0.0000     0.0000   0.00  0  0.00    46.299    0.0000     0.0000   0.00  0  0.00     0.172    0.0000     0.0000   0.00  0  0.00
 1 122230070331   271.731    0.0000     0.0000   0.00  0  0.00   446.437    0.0000     0.0000   0.00  0  0.00     0.282    0.0000     0.0000   0.00  0  0.00    40.786    0.0000     0.0000   0.00  0  0.00    28.661    0.0000     0.0000   0.00  0  0.00    42.991    0.0000     0.0000   0.00  0  0.00     0.067    0.0000     0.0000   0.00  0  0.00
 1 122230070332    26.456    0.0000     0.0000   0.00  0  0.00    62.832    0.0000     0.0000   0.00  0  0.00     0.124    0.0000     0.0000   0.00  0  0.00     5.512    0.0000     0.0000   0.00  0  0.00     4.409    0.0000     0.0000   0.00  0  0.00     6.616    0.0000     0.0000   0.00  0  0.00     0.003    0.0000     0.0000   0.00  0  0.00
 1 122230070333     1.115    0.0000     0.0000   0.00  0  0.00     2.205    0.0000     0.0000   0.00  0  0.00     0.013    0.0000     0.0000   0.00  0  0.00     0.000    0.0000     0.0000   0.00  0  0.00     0.000    0.0000     0.0000   0.00  0  0.00     0.000    0.0000     0.0000   0.00  0  0.00     0.000    0.0000     0.0000   0.00  0  0.00
 1 122230070334    27.007    0.0000     0.0000   0.00  0  0.00    68.344    0.0000     0.0000   0.00  0  0.00     0.233    0.0000     0.0000   0.00  0  0.00     4.410    0.0000     0.0000   0.00  0  0.00     2.205    0.0000     0.0000   0.00  0  0.00     2.209    0.0000     0.0000   0.00  0  0.00     0.026    0.0000     0.0000   0.00  0  0.00
 1 132201001000   402.367    0.0000     0.0000   0.00  0  0.00   148.875    0.0000     0.0000   0.00  0  0.00     1.226    0.0000     0.0000   0.00  0  0.00     1.109    0.0000     0.0000   0.00  0  0.00     0.006    0.0000     0.0000   0.00  0  0.00   208.339    0.0000     0.0000   0.00  0  0.00     0.629    0.0000     0.0000   0.00  0  0.00
 1 132201080000   275.039    0.0000     0.0000   0.00  0  0.00    12.126    0.0000     0.0000   0.00  0  0.00     0.032    0.0000     0.0000   0.00  0  0.00     0.001    0.0000     0.0000   0.00  0  0.00     0.001    0.0000     0.0000   0.00  0  0.00    36.377    0.0000     0.0000   0.00  0  0.00     0.063    0.0000     0.0000   0.00  0  0.00
 1 132230001000    20.393    0.0000     0.0000   0.00  0  0.00    31.968    0.0000     0.0000   0.00  0  0.00     0.271    0.0000     0.0000   0.00  0  0.00    12.126    0.0000     0.0000   0.00  0  0.00     8.819    0.0000     0.0000   0.00  0  0.00    14.331    0.0000     0.0000   0.00  0  0.00     0.060    0.0000     0.0000   0.00  0  0.00
 1 132230060331     1.653    0.0000     0.0000   0.00  0  0.00     6.614    0.0000     0.0000   0.00  0  0.00     0.061    0.0000     0.0000   0.00  0  0.00     2.205    0.0000     0.0000   0.00  0  0.00     1.102    0.0000     0.0000   0.00  0  0.00     1.104    0.0000     0.0000   0.00  0  0.00     0.007    0.0000     0.0000   0.00  0  0.00
 1 132230060332    11.581    0.0000     0.0000   0.00  0  0.00    40.787    0.0000     0.0000   0.00  0  0.00     0.296    0.0000     0.0000   0.00  0  0.00    29.763    0.0000     0.0000   0.00  0  0.00    20.945    0.0000     0.0000   0.00  0  0.00    13.234    0.0000     0.0000   0.00  0  0.00     0.099    0.0000     0.0000   0.00  0  0.00
 1 132230060333   293.796    0.0000     0.0000   0.00  0  0.00   373.686    0.0000     0.0000   0.00  0  0.00     1.000    0.0000     0.0000   0.00  0  0.00    58.425    0.0000     0.0000   0.00  0  0.00    40.788    0.0000     0.0000   0.00  0  0.00    70.557    0.0000     0.0000   0.00  0  0.00     0.261    0.0000     0.0000   0.00  0  0.00
 1 132230070331  1383.446    0.0000     0.0000   0.00  0  0.00  2274.069    0.0000     0.0000   0.00  0  0.00     1.438    0.0000     0.0000   0.00  0  0.00   208.340    0.0000     0.0000   0.00  0  0.00   145.505    0.0000     0.0000   0.00  0  0.00   222.734    0.0000     0.0000   0.00  0  0.00     0.338    0.0000     0.0000   0.00  0  0.00
 1 132230070332    38.584    0.0000     0.0000   0.00  0  0.00    93.697    0.0000     0.0000   0.00  0  0.00     0.183    0.0000     0.0000   0.00  0  0.00     8.819    0.0000     0.0000   0.00  0  0.00     6.614    0.0000     0.0000   0.00  0  0.00     9.921    0.0000     0.0000   0.00  0  0.00     0.005    0.0000     0.0000   0.00  0  0.00
 1 132230070333     2.207    0.0000     0.0000   0.00  0  0.00     6.614    0.0000     0.0000   0.00  0  0.00     0.030    0.0000     0.0000   0.00  0  0.00     0.000    0.0000     0.0000   0.00  0  0.00     0.000    0.0000     0.0000   0.00  0  0.00     0.001    0.0000     0.0000   0.00  0  0.00     0.001    0.0000     0.0000   0.00  0  0.00
 1 132230070334    64.489    0.0000     0.0000   0.00  0  0.00   163.143    0.0000     0.0000   0.00  0  0.00     0.549    0.0000     0.0000   0.00  0  0.00     9.921    0.0000     0.0000   0.00  0  0.00     6.614    0.0000     0.0000   0.00  0  0.00     6.625    0.0000     0.0000   0.00  0  0.00     0.061    0.0000     0.0000   0.00  0  0.00
 1 142201001000   372.587    0.0000     0.0000   0.00  0  0.00   137.795    0.0000     0.0000   0.00  0  0.00     1.135    0.0000     0.0000   0.00  0  0.00     1.108    0.0000     0.0000   0.00  0  0.00     0.006    0.0000     0.0000   0.00  0  0.00   192.905    0.0000     0.0000   0.00  0  0.00     0.582    0.0000     0.0000   0.00  0  0.00
 1 142201080000   254.635    0.0000     0.0000   0.00  0  0.00    11.024    0.0000     0.0000   0.00  0  0.00     0.029    0.0000     0.0000   0.00  0  0.00     0.001    0.0000     0.0000   0.00  0  0.00     0.001    0.0000     0.0000   0.00  0  0.00    34.172    0.0000     0.0000   0.00  0  0.00     0.058    0.0000     0.0000   0.00  0  0.00
 1 142230001000    13.230    0.0000     0.0000   0.00  0  0.00    20.944    0.0000     0.0000   0.00  0  0.00     0.178    0.0000     0.0000   0.00  0  0.00     7.716    0.0000     0.0000   0.00  0  0.00     5.512    0.0000     0.0000   0.00  0  0.00     9.924    0.0000     0.0000   0.00  0  0.00     0.040    0.0000     0.0000   0.00  0  0.00
 1 142230060331     1.120    0.0000     0.0000   0.00  0  0.00     4.410    0.0000     0.0000   0.00  0  0.00     0.040    0.0000     0.0000   0.00  0  0.00     1.104    0.0000     0.0000   0.00  0  0.00     1.102    0.0000     0.0000   0.00  0  0.00     1.102    0.0000     0.0000   0.00  0  0.00     0.012    0.0000     0.0000   0.00  0  0.00
 1 142230060332     3.308    0.0000     0.0000   0.00  0  0.00    12.126    0.0000     0.0000   0.00  0  0.00     0.090    0.0000     0.0000   0.00  0  0.00     8.819    0.0000     0.0000   0.00  0  0.00     5.512    0.0000     0.0000   0.00  0  0.00     3.309    0.0000     0.0000   0.00  0  0.00     0.030    0.0000     0.0000   0.00  0  0.00
 1 142230060333   223.779    0.0000     0.0000   0.00  0  0.00   284.398    0.0000     0.0000   0.00  0  0.00     0.762    0.0000     0.0000   0.00  0  0.00    44.094    0.0000     0.0000   0.00  0  0.00    30.867    0.0000     0.0000   0.00  0  0.00    54.017    0.0000     0.0000   0.00  0  0.00     0.199    0.0000     0.0000   0.00  0  0.00
 1 142230070331   506.514    0.0000     0.0000   0.00  0  0.00   832.246    0.0000     0.0000   0.00  0  0.00     0.527    0.0000     0.0000   0.00  0  0.00    76.061    0.0000     0.0000   0.00  0  0.00    52.912    0.0000     0.0000   0.00  0  0.00    81.582    0.0000     0.0000   0.00  0  0.00     0.124    0.0000     0.0000   0.00  0  0.00
 1 142230070332    25.358    0.0000     0.0000   0.00  0  0.00    61.730    0.0000     0.0000   0.00  0  0.00     0.121    0.0000     0.0000   0.00  0  0.00     5.512    0.0000     0.0000   0.00  0  0.00     4.409    0.0000     0.0000   0.00  0  0.00     6.616    0.0000     0.0000   0.00  0  0.00     0.009    0.0000     0.0000   0.00  0  0.00
 1 142230070333     1.115    0.0000     0.0000   0.00  0  0.00     3.307    0.0000     0.0000   0.00  0  0.00     0.017    0.0000     0.0000   0.00  0  0.00     0.000    0.0000     0.0000   0.00  0  0.00     0.000    0.0000     0.0000   0.00  0  0.00     0.000    0.0000     0.0000   0.00  0  0.00     0.001    0.0000     0.0000   0.00  0  0.00
 1 142230070334    34.172    0.0000     0.0000   0.00  0  0.00    87.083    0.0000     0.0000   0.00  0  0.00     0.293    0.0000     0.0000   0.00  0  0.00     5.512    0.0000     0.0000   0.00  0  0.00     3.307    0.0000     0.0000   0.00  0  0.00     3.313    0.0000     0.0000   0.00  0  0.00     0.033    0.0000     0.0000   0.00  0  0.00
 1 152201001000   182.435    0.0000     0.0000   0.00  0  0.00    67.244    0.0000     0.0000   0.00  0  0.00     0.556    0.0000     0.0000   0.00  0  0.00     0.003    0.0000     0.0000   0.00  0  0.00     0.003    0.0000     0.0000   0.00  0  0.00    93.697    0.0000     0.0000   0.00  0  0.00     0.285    0.0000     0.0000   0.00  0  0.00
 1 152201080000   124.561    0.0000     0.0000   0.00  0  0.00     5.512    0.0000     0.0000   0.00  0  0.00     0.015    0.0000     0.0000   0.00  0  0.00     0.000    0.0000     0.0000   0.00  0  0.00     0.000    0.0000     0.0000   0.00  0  0.00    16.535    0.0000     0.0000   0.00  0  0.00     0.029    0.0000     0.0000   0.00  0  0.00
 1 152230001000     8.819    0.0000     0.0000   0.00  0  0.00    13.230    0.0000     0.0000   0.00  0  0.00     0.117    0.0000     0.0000   0.00  0  0.00     5.512    0.0000     0.0000   0.00  0  0.00     3.307    0.0000     0.0000   0.00  0  0.00     5.514    0.0000     0.0000   0.00  0  0.00     0.026    0.0000     0.0000   0.00  0  0.00
 1 152230060331     0.551    0.0000     0.0000   0.00  0  0.00     2.205    0.0000     0.0000   0.00  0  0.00     0.025    0.0000     0.0000   0.00  0  0.00     1.102    0.0000     0.0000   0.00  0  0.00     0.000    0.0000     0.0000   0.00  0  0.00     0.001    0.0000     0.0000   0.00  0  0.00     0.004    0.0000     0.0000   0.00  0  0.00
 1 152230060332     3.858    0.0000     0.0000   0.00  0  0.00    14.330    0.0000     0.0000   0.00  0  0.00     0.111    0.0000     0.0000   0.00  0  0.00    11.023    0.0000     0.0000   0.00  0  0.00     7.717    0.0000     0.0000   0.00  0  0.00     4.411    0.0000     0.0000   0.00  0  0.00     0.037    0.0000     0.0000   0.00  0  0.00
 1 152230060333   159.285    0.0000     0.0000   0.00  0  0.00   202.839    0.0000     0.0000   0.00  0  0.00     0.543    0.0000     0.0000   0.00  0  0.00    30.866    0.0000     0.0000   0.00  0  0.00    22.048    0.0000     0.0000   0.00  0  0.00    38.592    0.0000     0.0000   0.00  0  0.00     0.142    0.0000     0.0000   0.00  0  0.00
 1 152230070331   555.019    0.0000     0.0000   0.00  0  0.00   911.613    0.0000     0.0000   0.00  0  0.00     0.577    0.0000     0.0000   0.00  0  0.00    83.777    0.0000     0.0000   0.00  0  0.00    58.424    0.0000     0.0000   0.00  0  0.00    89.287    0.0000     0.0000   0.00  0  0.00     0.136    0.0000     0.0000   0.00  0  0.00
 1 152230070332    15.984    0.0000     0.0000   0.00  0  0.00    38.581    0.0000     0.0000   0.00  0  0.00     0.077    0.0000     0.0000   0.00  0  0.00     3.307    0.0000     0.0000   0.00  0  0.00     2.205    0.0000     0.0000   0.00  0  0.00     3.308    0.0000     0.0000   0.00  0  0.00     0.003    0.0000     0.0000   0.00  0  0.00
 1 152230070333     1.103    0.0000     0.0000   0.00  0  0.00     2.205    0.0000     0.0000   0.00  0  0.00     0.013    0.0000     0.0000   0.00  0  0.00     0.000    0.0000     0.0000   0.00  0  0.00     0.000    0.0000     0.0000   0.00  0  0.00     0.000    0.0000     0.0000   0.00  0  0.00     0.000    0.0000     0.0000   0.00  0  0.00
 1 152230070334    26.456    0.0000     0.0000   0.00  0  0.00    67.241    0.0000     0.0000   0.00  0  0.00     0.227    0.0000     0.0000   0.00  0  0.00     4.409    0.0000     0.0000   0.00  0  0.00     2.207    0.0000     0.0000   0.00  0  0.00     2.209    0.0000     0.0000   0.00  0  0.00     0.025    0.0000     0.0000   0.00  0  0.00
 1 162201001000   921.258    0.0000     0.0000   0.00  0  0.00   341.750    0.0000     0.0000   0.00  0  0.00     2.805    0.0000     0.0000   0.00  0  0.00     2.208    0.0000     0.0000   0.00  0  0.00     1.106    0.0000     0.0000   0.00  0  0.00   477.302    0.0000     0.0000   0.00  0  0.00     1.439    0.0000     0.0000   0.00  0  0.00
 1 162201080000   628.874    0.0000     0.0000   0.00  0  0.00    28.662    0.0000     0.0000   0.00  0  0.00     0.072    0.0000     0.0000   0.00  0  0.00     1.104    0.0000     0.0000   0.00  0  0.00     0.001    0.0000     0.0000   0.00  0  0.00    84.879    0.0000     0.0000   0.00  0  0.00     0.144    0.0000     0.0000   0.00  0  0.00
 1 162230001000    63.383    0.0000     0.0000   0.00  0  0.00    98.108    0.0000     0.0000   0.00  0  0.00     0.832    0.0000     0.0000   0.00  0  0.00    39.685    0.0000     0.0000   0.00  0  0.00    27.560    0.0000     0.0000   0.00  0  0.00    46.303    0.0000     0.0000   0.00  0  0.00     0.185    0.0000     0.0000   0.00  0  0.00
 1 162230060331     3.785    0.0000     0.0000   0.00  0  0.00    13.228    0.0000     0.0000   0.00  0  0.00     0.122    0.0000     0.0000   0.00  0  0.00     5.512    0.0000     0.0000   0.00  0  0.00     3.307    0.0000     0.0000   0.00  0  0.00     3.309    0.0000     0.0000   0.00  0  0.00     0.030    0.0000     0.0000   0.00  0  0.00
 1 162230060332     7.166    0.0000     0.0000   0.00  0  0.00    25.354    0.0000     0.0000   0.00  0  0.00     0.189    0.0000     0.0000   0.00  0  0.00    18.740    0.0000     0.0000   0.00  0  0.00    13.228    0.0000     0.0000   0.00  0  0.00     7.754    0.0000     0.0000   0.00  0  0.00     0.063    0.0000     0.0000   0.00  0  0.00
 1 162230060333   415.022    0.0000     0.0000   0.00  0  0.00   529.146    0.0000     0.0000   0.00  0  0.00     1.413    0.0000     0.0000   0.00  0  0.00    82.677    0.0000     0.0000   0.00  0  0.00    57.324    0.0000     0.0000   0.00  0  0.00   100.317    0.0000     0.0000   0.00  0  0.00     0.369    0.0000     0.0000   0.00  0  0.00
 1 162230070331   795.321    0.0000     0.0000   0.00  0  0.00  1307.343    0.0000     0.0000   0.00  0  0.00     0.828    0.0000     0.0000   0.00  0  0.00   120.154    0.0000     0.0000   0.00  0  0.00    83.795    0.0000     0.0000   0.00  0  0.00   127.923    0.0000     0.0000   0.00  0  0.00     0.195    0.0000     0.0000   0.00  0  0.00
 1 162230070332    77.740    0.0000     0.0000   0.00  0  0.00   187.395    0.0000     0.0000   0.00  0  0.00     0.366    0.0000     0.0000   0.00  0  0.00    18.740    0.0000     0.0000   0.00  0  0.00    13.228    0.0000     0.0000   0.00  0  0.00    19.915    0.0000     0.0000   0.00  0  0.00     0.021    0.0000     0.0000   0.00  0  0.00
 1 162230070333     5.515    0.0000     0.0000   0.00  0  0.00    14.330    0.0000     0.0000   0.00  0  0.00     0.066    0.0000     0.0000   0.00  0  0.00     1.102    0.0000     0.0000   0.00  0  0.00     0.000    0.0000     0.0000   0.00  0  0.00     0.001    0.0000     0.0000   0.00  0  0.00     0.003    0.0000     0.0000   0.00  0  0.00
 1 162230070334   138.892    0.0000     0.0000   0.00  0  0.00   351.639    0.0000     0.0000   0.00  0  0.00     1.183    0.0000     0.0000   0.00  0  0.00    23.150    0.0000     0.0000   0.00  0  0.00    15.434    0.0000     0.0000   0.00  0  0.00    15.448    0.0000     0.0000   0.00  0  0.00     0.131    0.0000     0.0000   0.00  0  0.00
 1 172201001000   135.593    0.0000     0.0000   0.00  0  0.00    49.606    0.0000     0.0000   0.00  0  0.00     0.413    0.0000     0.0000   0.00  0  0.00     0.002    0.0000     0.0000   0.00  0  0.00     0.002    0.0000     0.0000   0.00  0  0.00    69.446    0.0000     0.0000   0.00  0  0.00     0.212    0.0000     0.0000   0.00  0  0.00
 1 172201080000    92.594    0.0000     0.0000   0.00  0  0.00     3.307    0.0000     0.0000   0.00  0  0.00     0.011    0.0000     0.0000   0.00  0  0.00     0.000    0.0000     0.0000   0.00  0  0.00     0.000    0.0000     0.0000   0.00  0  0.00    12.126    0.0000     0.0000   0.00  0  0.00     0.021    0.0000     0.0000   0.00  0  0.00
 1 172230001000     9.370    0.0000     0.0000   0.00  0  0.00    14.330    0.0000     0.0000   0.00  0  0.00     0.126    0.0000     0.0000   0.00  0  0.00     5.512    0.0000     0.0000   0.00  0  0.00     3.307    0.0000     0.0000   0.00  0  0.00     6.616    0.0000     0.0000   0.00  0  0.00     0.028    0.0000     0.0000   0.00  0  0.00
 1 172230060331     0.002    0.0000     0.0000   0.00  0  0.00     1.102    0.0000     0.0000   0.00  0  0.00     0.015    0.0000     0.0000   0.00  0  0.00     0.000    0.0000     0.0000   0.00  0  0.00     0.000    0.0000     0.0000   0.00  0  0.00     0.000    0.0000     0.0000   0.00  0  0.00     0.003    0.0000     0.0000   0.00  0  0.00
 1 172230060332     2.756    0.0000     0.0000   0.00  0  0.00     9.921    0.0000     0.0000   0.00  0  0.00     0.075    0.0000     0.0000   0.00  0  0.00     7.737    0.0000     0.0000   0.00  0  0.00     4.411    0.0000     0.0000   0.00  0  0.00     3.308    0.0000     0.0000   0.00  0  0.00     0.025    0.0000     0.0000   0.00  0  0.00
 1 172230060333    58.430    0.0000     0.0000   0.00  0  0.00    73.855    0.0000     0.0000   0.00  0  0.00     0.199    0.0000     0.0000   0.00  0  0.00    11.024    0.0000     0.0000   0.00  0  0.00     7.717    0.0000     0.0000   0.00  0  0.00    13.228    0.0000     0.0000   0.00  0  0.00     0.052    0.0000     0.0000   0.00  0  0.00
 1 172230070331    70.548    0.0000     0.0000   0.00  0  0.00   115.743    0.0000     0.0000   0.00  0  0.00     0.073    0.0000     0.0000   0.00  0  0.00     9.921    0.0000     0.0000   0.00  0  0.00     6.616    0.0000     0.0000   0.00  0  0.00    11.025    0.0000     0.0000   0.00  0  0.00     0.017    0.0000     0.0000   0.00  0  0.00
 1 172230070332     9.370    0.0000     0.0000   0.00  0  0.00    23.149    0.0000     0.0000   0.00  0  0.00     0.045    0.0000     0.0000   0.00  0  0.00     2.205    0.0000     0.0000   0.00  0  0.00     1.102    0.0000     0.0000   0.00  0  0.00     2.205    0.0000     0.0000   0.00  0  0.00     0.002    0.0000     0.0000   0.00  0  0.00
 1 172230070333     0.551    0.0000     0.0000   0.00  0  0.00     1.102    0.0000     0.0000   0.00  0  0.00     0.009    0.0000     0.0000   0.00  0  0.00     0.000    0.0000     0.0000   0.00  0  0.00     0.000    0.0000     0.0000   0.00  0  0.00     0.000    0.0000     0.0000   0.00  0  0.00     0.000    0.0000     0.0000   0.00  0  0.00
 1 172230070334    17.638    0.0000     0.0000   0.00  0  0.00    45.195    0.0000     0.0000   0.00  0  0.00     0.152    0.0000     0.0000   0.00  0  0.00     2.205    0.0000     0.0000   0.00  0  0.00     1.102    0.0000     0.0000   0.00  0  0.00     1.105    0.0000     0.0000   0.00  0  0.00     0.017    0.0000     0.0000   0.00  0  0.00
 1 182201001000   302.586    0.0000     0.0000   0.00  0  0.00   112.440    0.0000     0.0000   0.00  0  0.00     0.922    0.0000     0.0000   0.00  0  0.00     0.005    0.0000     0.0000   0.00  0  0.00     0.005    0.0000     0.0000   0.00  0  0.00   156.536    0.0000     0.0000   0.00  0  0.00     0.473    0.0000     0.0000   0.00  0  0.00
 1 182201080000   206.687    0.0000     0.0000   0.00  0  0.00     8.819    0.0000     0.0000   0.00  0  0.00     0.024    0.0000     0.0000   0.00  0  0.00     0.000    0.0000     0.0000   0.00  0  0.00     0.000    0.0000     0.0000   0.00  0  0.00    27.558    0.0000     0.0000   0.00  0  0.00     0.047    0.0000     0.0000   0.00  0  0.00
 1 182230001000    15.432    0.0000     0.0000   0.00  0  0.00    24.251    0.0000     0.0000   0.00  0  0.00     0.207    0.0000     0.0000   0.00  0  0.00     9.921    0.0000     0.0000   0.00  0  0.00     6.614    0.0000     0.0000   0.00  0  0.00    11.027    0.0000     0.0000   0.00  0  0.00     0.046    0.0000     0.0000   0.00  0  0.00
 1 182230060331     1.105    0.0000     0.0000   0.00  0  0.00     4.409    0.0000     0.0000   0.00  0  0.00     0.043    0.0000     0.0000   0.00  0  0.00     1.102    0.0000     0.0000   0.00  0  0.00     1.102    0.0000     0.0000   0.00  0  0.00     1.103    0.0000     0.0000   0.00  0  0.00     0.005    0.0000     0.0000   0.00  0  0.00
 1 182230060332     9.370    0.0000     0.0000   0.00  0  0.00    31.968    0.0000     0.0000   0.00  0  0.00     0.239    0.0000     0.0000   0.00  0  0.00    24.259    0.0000     0.0000   0.00  0  0.00    16.535    0.0000     0.0000   0.00  0  0.00    11.028    0.0000     0.0000   0.00  0  0.00     0.080    0.0000     0.0000   0.00  0  0.00
 1 182230060333   189.600    0.0000     0.0000   0.00  0  0.00   241.408    0.0000     0.0000   0.00  0  0.00     0.645    0.0000     0.0000   0.00  0  0.00    37.495    0.0000     0.0000   0.00  0  0.00    26.457    0.0000     0.0000   0.00  0  0.00    45.197    0.0000     0.0000   0.00  0  0.00     0.168    0.0000     0.0000   0.00  0  0.00
 1 182230070331   719.259    0.0000     0.0000   0.00  0  0.00  1181.680    0.0000     0.0000   0.00  0  0.00     0.748    0.0000     0.0000   0.00  0  0.00   108.028    0.0000     0.0000   0.00  0  0.00    76.061    0.0000     0.0000   0.00  0  0.00   115.747    0.0000     0.0000   0.00  0  0.00     0.176    0.0000     0.0000   0.00  0  0.00
 1 182230070332    27.009    0.0000     0.0000   0.00  0  0.00    65.037    0.0000     0.0000   0.00  0  0.00     0.128    0.0000     0.0000   0.00  0  0.00     6.614    0.0000     0.0000   0.00  0  0.00     4.409    0.0000     0.0000   0.00  0  0.00     6.616    0.0000     0.0000   0.00  0  0.00     0.004    0.0000     0.0000   0.00  0  0.00
 1 182230070333     2.206    0.0000     0.0000   0.00  0  0.00     5.512    0.0000     0.0000   0.00  0  0.00     0.029    0.0000     0.0000   0.00  0  0.00     0.000    0.0000     0.0000   0.00  0  0.00     0.000    0.0000     0.0000   0.00  0  0.00     0.000    0.0000     0.0000   0.00  0  0.00     0.000    0.0000     0.0000   0.00  0  0.00
 1 182230070334    61.730    0.0000     0.0000   0.00  0  0.00   156.528    0.0000     0.0000   0.00  0  0.00     0.526    0.0000     0.0000   0.00  0  0.00     9.921    0.0000     0.0000   0.00  0  0.00     6.614    0.0000     0.0000   0.00  0  0.00     6.624    0.0000     0.0000   0.00  0  0.00     0.058    0.0000     0.0000   0.00  0  0.00
10 102201001000     0.000    0.0000     0.0000   0.00  0  0.00   339.327    0.0000     0.0000   0.00  0  0.00     6.818    0.0000     0.0000   0.00  0  0.00    50.261    0.0000     0.0000   0.00  0  0.00    29.407    0.0000     0.0000   0.00  0  0.00  1371.404    0.0000     0.0000   0.00  0  0.00     0.369    0.0000     0.0000   0.00  0  0.00
 1 222275020001     1.599    0.0000     0.0000   0.00  0  0.00    19.401    0.0000     0.0000   0.00  0  0.00     0.744    0.0000     0.0000   0.00  0  0.00     0.000    0.0000     0.0000   0.00  0  0.00     0.000    0.0000     0.0000   0.00  0  0.00     0.255    0.0000     0.0000   0.00  0  0.00     0.000    0.0000     0.0000   0.00  0  0.00
 1 222275050001     0.188    0.0000     0.0000   0.00  0  0.00    40.896    0.0000     0.0000   0.00  0  0.00     0.484    0.0000     0.0000   0.00  0  0.00     0.000    0.0000     0.0000   0.00  0  0.00     0.000    0.0000     0.0000   0.00  0  0.00     0.073    0.0000     0.0000   0.00  0  0.00     0.000    0.0000     0.0000   0.00  0  0.00
 1 232275020001     0.221    0.0000     0.0000   0.00  0  0.00     2.425    0.0000     0.0000   0.00  0  0.00     0.093    0.0000     0.0000   0.00  0  0.00     0.000    0.0000     0.0000   0.00  0  0.00     0.000    0.0000     0.0000   0.00  0  0.00     0.032    0.0000     0.0000   0.00  0  0.00     0.000    0.0000     0.0000   0.00  0  0.00
 1 232275050001     1.841    0.0000     0.0000   0.00  0  0.00   401.241    0.0000     0.0000   0.00  0  0.00     4.740    0.0000     0.0000   0.00  0  0.00     0.000    0.0000     0.0000   0.00  0  0.00     0.000    0.0000     0.0000   0.00  0  0.00     0.712    0.0000     0.0000   0.00  0  0.00     0.000    0.0000     0.0000   0.00  0  0.00
 1 242275020001     0.827    0.0000     0.0000   0.00  0  0.00    10.472    0.0000     0.0000   0.00  0  0.00     0.403    0.0000     0.0000   0.00  0  0.00     0.000    0.0000     0.0000   0.00  0  0.00     0.000    0.0000     0.0000   0.00  0  0.00     0.137    0.0000     0.0000   0.00  0  0.00     0.000    0.0000     0.0000   0.00  0  0.00
 1 242275050001     0.077    0.0000     0.0000   0.00  0  0.00    16.204    0.0000     0.0000   0.00  0  0.00     0.193    0.0000     0.0000   0.00  0  0.00     0.000    0.0000     0.0000   0.00  0  0.00     0.000    0.0000     0.0000   0.00  0  0.00     0.029    0.0000     0.0000   0.00  0  0.00     0.000    0.0000     0.0000   0.00  0  0.00
 1 252275020001     0.055    0.0000     0.0000   0.00  0  0.00     0.772    0.0000     0.0000   0.00  0  0.00     0.033    0.0000     0.0000   0.00  0  0.00     0.000    0.0000     0.0000   0.00  0  0.00     0.000    0.0000     0.0000   0.00  0  0.00     0.011    0.0000     0.0000   0.00  0  0.00     0.000    0.0000     0.0000   0.00  0  0.00
 1 252275050001     0.909    0.0000     0.0000   0.00  0  0.00   198.637    0.0000     0.0000   0.00  0  0.00     2.348    0.0000     0.0000   0.00  0  0.00     0.000    0.0000     0.0000   0.00  0  0.00     0.000    0.0000     0.0000   0.00  0  0.00     0.353    0.0000     0.0000   0.00  0  0.00     0.000    0.0000     0.0000   0.00  0  0.00
 1  12294000000     0.000    0.0000     0.0000   0.00  0  0.00     0.000    0.0000     0.0000   0.00  0  0.00     0.000    0.0000     0.0000   0.00  0  0.00    43.586    0.0000     0.0000   0.00  0  0.00     9.153    0.0000     0.0000   0.00  0  0.00     0.000    0.0000     0.0000   0.00  0  0.00     0.000    0.0000     0.0000   0.00  0  0.00
 1  22294000000     0.000    0.0000     0.0000   0.00  0  0.00     0.000    0.0000     0.0000   0.00  0  0.00     0.000    0.0000     0.0000   0.00  0  0.00    40.368    0.0000     0.0000   0.00  0  0.00     8.477    0.0000     0.0000   0.00  0  0.00     0.000    0.0000     0.0000   0.00  0  0.00     0.000    0.0000     0.0000   0.00  0  0.00
 1  32294000000     0.000    0.0000     0.0000   0.00  0  0.00     0.000    0.0000     0.0000   0.00  0  0.00     0.000    0.0000     0.0000   0.00  0  0.00    48.490    0.0000     0.0000   0.00  0  0.00    10.183    0.0000     0.0000   0.00  0  0.00     0.000    0.0000     0.0000   0.00  0  0.00     0.000    0.0000     0.0000   0.00  0  0.00
 1  42294000000     0.000    0.0000     0.0000   0.00  0  0.00     0.000    0.0000     0.0000   0.00  0  0.00     0.000    0.0000     0.0000   0.00  0  0.00    33.519    0.0000     0.0000   0.00  0  0.00     7.039    0.0000     0.0000   0.00  0  0.00     0.000    0.0000     0.0000   0.00  0  0.00     0.000    0.0000     0.0000   0.00  0  0.00
 1  52294000000     0.000    0.0000     0.0000   0.00  0  0.00     0.000    0.0000     0.0000   0.00  0  0.00     0.000    0.0000     0.0000   0.00  0  0.00    51.061    0.0000     0.0000   0.00  0  0.00    10.723    0.0000     0.0000   0.00  0  0.00     0.000    0.0000     0.0000   0.00  0  0.00     0.000    0.0000     0.0000   0.00  0  0.00
 1  62294000000     0.000    0.0000     0.0000   0.00  0  0.00     0.000    0.0000     0.0000   0.00  0  0.00     0.000    0.0000     0.0000   0.00  0  0.00    57.326    0.0000     0.0000   0.00  0  0.00    12.039    0.0000     0.0000   0.00  0  0.00     0.000    0.0000     0.0000   0.00  0  0.00     0.000    0.0000     0.0000   0.00  0  0.00
 1  72294000000     0.000    0.0000     0.0000   0.00  0  0.00     0.000    0.0000     0.0000   0.00  0  0.00     0.000    0.0000     0.0000   0.00  0  0.00    62.892    0.0000     0.0000   0.00  0  0.00    13.207    0.0000     0.0000   0.00  0  0.00     0.000    0.0000     0.0000   0.00  0  0.00     0.000    0.0000     0.0000   0.00  0  0.00
 1  82294000000     0.000    0.0000     0.0000   0.00  0  0.00     0.000    0.0000     0.0000   0.00  0  0.00     0.000    0.0000     0.0000   0.00  0  0.00    73.788    0.0000     0.0000   0.00  0  0.00    15.496    0.0000     0.0000   0.00  0  0.00     0.000    0.0000     0.0000   0.00  0  0.00     0.000    0.0000     0.0000   0.00  0  0.00
 1  92294000000     0.000    0.0000     0.0000   0.00  0  0.00     0.000    0.0000     0.0000   0.00  0  0.00     0.000    0.0000     0.0000   0.00  0  0.00    31.517    0.0000     0.0000   0.00  0  0.00     6.619    0.0000     0.0000   0.00  0  0.00     0.000    0.0000     0.0000   0.00  0  0.00     0.000    0.0000     0.0000   0.00  0  0.00
 1 102294000000     0.000    0.0000     0.0000   0.00  0  0.00     0.000    0.0000     0.0000   0.00  0  0.00     0.000    0.0000     0.0000   0.00  0  0.00   127.678    0.0000     0.0000   0.00  0  0.00    26.813    0.0000     0.0000   0.00  0  0.00     0.000    0.0000     0.0000   0.00  0  0.00     0.000    0.0000     0.0000   0.00  0  0.00
 1 112294000000     0.000    0.0000     0.0000   0.00  0  0.00     0.000    0.0000     0.0000   0.00  0  0.00     0.000    0.0000     0.0000   0.00  0  0.00    88.661    0.0000     0.0000   0.00  0  0.00    18.619    0.0000     0.0000   0.00  0  0.00     0.000    0.0000     0.0000   0.00  0  0.00     0.000    0.0000     0.0000   0.00  0  0.00
 1 122294000000     0.000    0.0000     0.0000   0.00  0  0.00     0.000    0.0000     0.0000   0.00  0  0.00     0.000    0.0000     0.0000   0.00  0  0.00    14.422    0.0000     0.0000   0.00  0  0.00     3.029    0.0000     0.0000   0.00  0  0.00     0.000    0.0000     0.0000   0.00  0  0.00     0.000    0.0000     0.0000   0.00  0  0.00
 1 132294000000     0.000    0.0000     0.0000   0.00  0  0.00     0.000    0.0000     0.0000   0.00  0  0.00     0.000    0.0000     0.0000   0.00  0  0.00    43.327    0.0000     0.0000   0.00  0  0.00     9.099    0.0000     0.0000   0.00  0  0.00     0.000    0.0000     0.0000   0.00  0  0.00     0.000    0.0000     0.0000   0.00  0  0.00
 1 142294000000     0.000    0.0000     0.0000   0.00  0  0.00     0.000    0.0000     0.0000   0.00  0  0.00     0.000    0.0000     0.0000   0.00  0  0.00    69.376    0.0000     0.0000   0.00  0  0.00    14.569    0.0000     0.0000   0.00  0  0.00     0.000    0.0000     0.0000   0.00  0  0.00     0.000    0.0000     0.0000   0.00  0  0.00
 1 152294000000     0.000    0.0000     0.0000   0.00  0  0.00     0.000    0.0000     0.0000   0.00  0  0.00     0.000    0.0000     0.0000   0.00  0  0.00    19.118    0.0000     0.0000   0.00  0  0.00     4.015    0.0000     0.0000   0.00  0  0.00     0.000    0.0000     0.0000   0.00  0  0.00     0.000    0.0000     0.0000   0.00  0  0.00
 1 162294000000     0.000    0.0000     0.0000   0.00  0  0.00     0.000    0.0000     0.0000   0.00  0  0.00     0.000    0.0000     0.0000   0.00  0  0.00   125.946    0.0000     0.0000   0.00  0  0.00    26.449    0.0000     0.0000   0.00  0  0.00     0.000    0.0000     0.0000   0.00  0  0.00     0.000    0.0000     0.0000   0.00  0  0.00
 1 172294000000     0.000    0.0000     0.0000   0.00  0  0.00     0.000    0.0000     0.0000   0.00  0  0.00     0.000    0.0000     0.0000   0.00  0  0.00    11.947    0.0000     0.0000   0.00  0  0.00     2.509    0.0000     0.0000   0.00  0  0.00     0.000    0.0000     0.0000   0.00  0  0.00     0.000    0.0000     0.0000   0.00  0  0.00
 1 182294000000     0.000    0.0000     0.0000   0.00  0  0.00     0.000    0.0000     0.0000   0.00  0  0.00     0.000    0.0000     0.0000   0.00  0  0.00    31.421    0.0000     0.0000   0.00  0  0.00     6.599    0.0000     0.0000   0.00  0  0.00     0.000    0.0000     0.0000   0.00  0  0.00     0.000    0.0000     0.0000   0.00  0  0.00
 1  12296000000     0.000    0.0000     0.0000   0.00  0  0.00     0.000    0.0000     0.0000   0.00  0  0.00     0.000    0.0000     0.0000   0.00  0  0.00     4.388    0.0000     0.0000   0.00  0  0.00     0.922    0.0000     0.0000   0.00  0  0.00     0.000    0.0000     0.0000   0.00  0  0.00     0.000    0.0000     0.0000   0.00  0  0.00
 1  22296000000     0.000    0.0000     0.0000   0.00  0  0.00     0.000    0.0000     0.0000   0.00  0  0.00     0.000    0.0000     0.0000   0.00  0  0.00     4.064    0.0000     0.0000   0.00  0  0.00     0.854    0.0000     0.0000   0.00  0  0.00     0.000    0.0000     0.0000   0.00  0  0.00     0.000    0.0000     0.0000   0.00  0  0.00
 1  32296000000     0.000    0.0000     0.0000   0.00  0  0.00     0.000    0.0000     0.0000   0.00  0  0.00     0.000    0.0000     0.0000   0.00  0  0.00     4.882    0.0000     0.0000   0.00  0  0.00     1.025    0.0000     0.0000   0.00  0  0.00     0.000    0.0000     0.0000   0.00  0  0.00     0.000    0.0000     0.0000   0.00  0  0.00
 1  42296000000     0.000    0.0000     0.0000   0.00  0  0.00     0.000    0.0000     0.0000   0.00  0  0.00     0.000    0.0000     0.0000   0.00  0  0.00     3.375    0.0000     0.0000   0.00  0  0.00     0.709    0.0000     0.0000   0.00  0  0.00     0.000    0.0000     0.0000   0.00  0  0.00     0.000    0.0000     0.0000   0.00  0  0.00
 1  52296000000     0.000    0.0000     0.0000   0.00  0  0.00     0.000    0.0000     0.0000   0.00  0  0.00     0.000    0.0000     0.0000   0.00  0  0.00     5.141    0.0000     0.0000   0.00  0  0.00     1.080    0.0000     0.0000   0.00  0  0.00     0.000    0.0000     0.0000   0.00  0  0.00     0.000    0.0000     0.0000   0.00  0  0.00
 1  62296000000     0.000    0.0000     0.0000   0.00  0  0.00     0.000    0.0000     0.0000   0.00  0  0.00     0.000    0.0000     0.0000   0.00  0  0.00     5.772    0.0000     0.0000   0.00  0  0.00     1.212    0.0000     0.0000   0.00  0  0.00     0.000    0.0000     0.0000   0.00  0  0.00     0.000    0.0000     0.0000   0.00  0  0.00
 1  72296000000     0.000    0.0000     0.0000   0.00  0  0.00     0.000    0.0000     0.0000   0.00  0  0.00     0.000    0.0000     0.0000   0.00  0  0.00     6.332    0.0000     0.0000   0.00  0  0.00     1.330    0.0000     0.0000   0.00  0  0.00     0.000    0.0000     0.0000   0.00  0  0.00     0.000    0.0000     0.0000   0.00  0  0.00
 1  82296000000     0.000    0.0000     0.0000   0.00  0  0.00     0.000    0.0000     0.0000   0.00  0  0.00     0.000    0.0000     0.0000   0.00  0  0.00     7.429    0.0000     0.0000   0.00  0  0.00     1.560    0.0000     0.0000   0.00  0  0.00     0.000    0.0000     0.0000   0.00  0  0.00     0.000    0.0000     0.0000   0.00  0  0.00
 1  92296000000     0.000    0.0000     0.0000   0.00  0  0.00     0.000    0.0000     0.0000   0.00  0  0.00     0.000    0.0000     0.0000   0.00  0  0.00     3.173    0.0000     0.0000   0.00  0  0.00     0.666    0.0000     0.0000   0.00  0  0.00     0.000    0.0000     0.0000   0.00  0  0.00     0.000    0.0000     0.0000   0.00  0  0.00
 1 102296000000     0.000    0.0000     0.0000   0.00  0  0.00     0.000    0.0000     0.0000   0.00  0  0.00     0.000    0.0000     0.0000   0.00  0  0.00    12.854    0.0000     0.0000   0.00  0  0.00     2.699    0.0000     0.0000   0.00  0  0.00     0.000    0.0000     0.0000   0.00  0  0.00     0.000    0.0000     0.0000   0.00  0  0.00
 1 112296000000     0.000    0.0000     0.0000   0.00  0  0.00     0.000    0.0000     0.0000   0.00  0  0.00     0.000    0.0000     0.0000   0.00  0  0.00     8.926    0.0000     0.0000   0.00  0  0.00     1.874    0.0000     0.0000   0.00  0  0.00     0.000    0.0000     0.0000   0.00  0  0.00     0.000    0.0000     0.0000   0.00  0  0.00
 1 122296000000     0.000    0.0000     0.0000   0.00  0  0.00     0.000    0.0000     0.0000   0.00  0  0.00     0.000    0.0000     0.0000   0.00  0  0.00     1.452    0.0000     0.0000   0.00  0  0.00     0.305    0.0000     0.0000   0.00  0  0.00     0.000    0.0000     0.0000   0.00  0  0.00     0.000    0.0000     0.0000   0.00  0  0.00
 1 132296000000     0.000    0.0000     0.0000   0.00  0  0.00     0.000    0.0000     0.0000   0.00  0  0.00     0.000    0.0000     0.0000   0.00  0  0.00     4.362    0.0000     0.0000   0.00  0  0.00     0.916    0.0000     0.0000   0.00  0  0.00     0.000    0.0000     0.0000   0.00  0  0.00     0.000    0.0000     0.0000   0.00  0  0.00
 1 142296000000     0.000    0.0000     0.0000   0.00  0  0.00     0.000    0.0000     0.0000   0.00  0  0.00     0.000    0.0000     0.0000   0.00  0  0.00     6.985    0.0000     0.0000   0.00  0  0.00     1.467    0.0000     0.0000   0.00  0  0.00     0.000    0.0000     0.0000   0.00  0  0.00     0.000    0.0000     0.0000   0.00  0  0.00
 1 152296000000     0.000    0.0000     0.0000   0.00  0  0.00     0.000    0.0000     0.0000   0.00  0  0.00     0.000    0.0000     0.0000   0.00  0  0.00     1.925    0.0000     0.0000   0.00  0  0.00     0.404    0.0000     0.0000   0.00  0  0.00     0.000    0.0000     0.0000   0.00  0  0.00     0.000    0.0000     0.0000   0.00  0  0.00
 1 162296000000     0.000    0.0000     0.0000   0.00  0  0.00     0.000    0.0000     0.0000   0.00  0  0.00     0.000    0.0000     0.0000   0.00  0  0.00    12.680    0.0000     0.0000   0.00  0  0.00     2.663    0.0000     0.0000   0.00  0  0.00     0.000    0.0000     0.0000   0.00  0  0.00     0.000    0.0000     0.0000   0.00  0  0.00
 1 172296000000     0.000    0.0000     0.0000   0.00  0  0.00     0.000    0.0000     0.0000   0.00  0  0.00     0.000    0.0000     0.0000   0.00  0  0.00     1.203    0.0000     0.0000   0.00  0  0.00     0.253    0.0000     0.0000   0.00  0  0.00     0.000    0.0000     0.0000   0.00  0  0.00     0.000    0.0000     0.0000   0.00  0  0.00
 1 182296000000     0.000    0.0000     0.0000   0.00  0  0.00     0.000    0.0000     0.0000   0.00  0  0.00     0.000    0.0000     0.0000   0.00  0  0.00     3.164    0.0000     0.0000   0.00  0  0.00     0.664    0.0000     0.0000   0.00  0  0.00     0.000    0.0000     0.0000   0.00  0  0.00     0.000    0.0000     0.0000   0.00  0  0.00
10 102294000000     0.000    0.0000     0.0000   0.00  0  0.00     0.000    0.0000     0.0000   0.00  0  0.00     0.000    0.0000     0.0000   0.00  0  0.00    12.917    0.0000     0.0000   0.00  0  0.00    12.917    0.0000     0.0000   0.00  0  0.00     0.000    0.0000     0.0000   0.00  0  0.00     0.000    0.0000     0.0000   0.00  0  0.00
